0 5567 MUNIC_BR_DADOS_IDHM POLY_ID
1 14        0.827084629
1 21        0.724875467
1 29        0.811990094
1 26        0.412794428
2 27        0.531584484
2 40        0.489275241
2 19        0.349286512
2 30        0.380896544
3 5213        0.931225391
3 7        0.710448326
3 6        0.328182785
3 5        0.677814071
4 44        0.577475012
4 18        0.569460703
4 38        0.282014958
4 9        0.542213485
5 6         0.71209139
5 3        0.677814071
5 7        0.324584318
5 43        0.285902653
6 34        0.712648347
6 5         0.71209139
6 7        0.589222954
6 3        0.328182785
7 6        0.589222954
7 43        0.516661045
7 5        0.324584318
7 34        0.434632915
8 23         1.20007137
8 10        0.968222646
8 46        0.962478521
8 47        0.895168382
9 38         0.80707656
9 44        0.748015187
9 4        0.542213485
9 16        0.545033957
10 28         1.38818238
10 8        0.968222646
10 31          1.1036164
10 24        0.928025566
11 30        0.479544108
11 48        0.465066661
11 41        0.301503735
11 15         0.41273049
12 48        0.710362838
12 49        0.677074519
12 15        0.440979226
12 52        0.345702699
13 49        0.975931055
13 19        0.895832252
13 51        0.533127753
13 35        0.555938875
14 20        0.516496657
14 33        0.435692091
14 29        0.200662059
14 25         0.42440363
15 12        0.440979226
15 11         0.41273049
15 48        0.349746829
15 52        0.239520453
16 45        0.636769034
16 22        0.609377139
16 44          0.4852042
16 9        0.545033957
17 37         1.26186913
17 27         1.03843765
17 28        0.970204632
17 32          1.0166064
18 50        0.549999772
18 48        0.459464245
18 33        0.304535651
18 38        0.309041504
19 27        0.604261667
19 37        0.539058324
19 2        0.349286512
19 35        0.524685876
20 45        0.349899583
20 29        0.315878492
20 33        0.283360605
20 21        0.302723623
21 44        0.413273023
21 42        0.370165312
21 20        0.302723623
21 45        0.263911732
22 5238         1.07626812
22 9        0.908733943
22 34        0.786893059
22 16        0.609377139
23 14        0.703549126
23 39        0.554828063
23 47        0.313399485
23 25        0.533069775
24 40         1.26840931
24 10        0.928025566
24 31         0.83579804
24 28        0.763089448
25 14         0.42440363
25 39         0.38318458
25 41        0.422265758
25 50        0.239964636
26 43        0.670166316
26 21        0.594579208
26 1        0.412794428
26 42        0.571359168
27 19        0.604261667
27 37        0.592962451
27 2        0.531584484
27 40        0.561950248
28 24        0.763089448
28 27        0.679180663
28 31        0.455344985
28 40        0.590500299
29 21        0.515400653
29 20        0.315878492
29 14        0.200662059
29 33        0.292378621
30 11        0.479544108
30 36        0.460566994
30 2        0.380896544
30 40        0.403623096
31 30        0.826797354
31 36        0.669560298
31 28        0.455344985
31 40        0.507678343
32 19        0.928279974
32 35        0.811631454
32 37        0.398738104
32 27        0.765405924
33 14        0.435692091
33 18        0.304535651
33 29        0.292378621
33 20        0.283360605
34 6        0.712648347
34 16        0.646445402
34 7        0.434632915
34 42        0.585588898
35 32        0.811631454
35 13        0.555938875
35 19        0.524685876
35 37        0.479606258
36 11        0.619017071
36 40        0.569269406
36 39        0.470141546
36 30        0.460566994
37 27        0.592962451
37 19        0.539058324
37 32        0.398738104
37 35        0.479606258
38 20        0.607059038
38 33        0.439543868
38 4        0.282014958
38 18        0.309041504
39 36        0.470141546
39 50        0.424435996
39 41        0.367111975
39 25         0.38318458
40 27        0.561950248
40 31        0.507678343
40 2        0.489275241
40 30        0.403623096
41 39        0.367111975
41 11        0.301503735
41 50        0.240227672
41 48         0.25831616
42 26        0.571359168
42 44        0.396471991
42 45        0.361077453
42 21        0.370165312
43 34         0.90758039
43 26        0.670166316
43 7        0.516661045
43 5        0.285902653
44 20        0.479040613
44 21        0.413273023
44 45        0.153994368
44 42        0.396471991
45 42        0.361077453
45 20        0.349899583
45 44        0.153994368
45 21        0.263911732
46 8        0.962478521
46 1        0.853490746
46 47        0.571873869
46 23        0.766446878
47 25        0.846172679
47 39        0.824578107
47 23        0.313399485
47 46        0.571873869
48 25        0.453588146
48 15        0.349746829
48 41         0.25831616
48 50         0.21605663
49 51        0.560644177
49 11        0.529412671
49 52        0.361429454
49 15        0.517494415
50 39        0.424435996
50 41        0.240227672
50 48         0.21605663
50 25        0.239964636
51 12        0.752102219
51 52        0.669989021
51 13        0.533127753
51 49        0.560644177
52 11        0.533148187
52 49        0.361429454
52 15        0.239520453
52 12        0.345702699
53 57         1.03713611
53 74        0.807452443
53 70        0.480750604
53 65        0.500965799
54 63         1.40619455
54 59         1.39211357
54 55        0.798901258
54 71         1.18551078
55 71        0.990901971
55 54        0.798901258
55 59        0.606433562
55 73        0.723435848
56 87        0.850591076
56 70        0.839147782
56 74        0.475514175
56 67        0.493246937
57 73        0.676460211
57 67        0.672513677
57 70        0.627975273
57 65         0.54465015
58 62         0.82857489
58 99        0.747630594
58 68        0.485628486
58 66        0.520201359
59 57         0.88554332
59 55        0.606433562
59 67        0.859104185
59 73        0.333333962
60 61         1.20408805
60 63         1.00123295
60 72        0.979523355
60 69        0.598358042
61 60         1.20408805
61 66         1.11732802
61 64          0.6694788
61 72         1.10405996
62 66         1.21340876
62 99        0.654453196
62 58         0.82857489
62 68        0.402052036
63 54         1.40619455
63 60         1.00123295
63 71        0.612453057
63 69        0.542581068
64 72         1.40552906
64 58         1.14091898
64 66         0.62887539
64 61          0.6694788
65 74        0.715673532
65 57         0.54465015
65 70        0.266473876
65 53        0.500965799
66 61         1.11732802
66 68        0.812238598
66 58        0.520201359
66 64         0.62887539
67 74        0.801900764
67 57        0.672513677
67 56        0.493246937
67 73        0.526600953
68 66        0.812238598
68 99        0.721185405
68 58        0.485628486
68 62        0.402052036
69 54         1.42311224
69 71         1.07624397
69 63        0.542581068
69 60        0.598358042
70 57        0.627975273
70 53        0.480750604
70 65        0.266473876
70 74        0.456898887
71 69         1.07624397
71 67         1.05272845
71 55        0.990901971
71 63        0.612453057
72 66         1.31302987
72 61         1.10405996
72 60        0.979523355
72 101         1.05872526
73 55        0.723435848
73 57        0.676460211
73 67        0.526600953
73 59        0.333333962
74 67        0.801900764
74 65        0.715673532
74 70        0.456898887
74 56        0.475514175
75 114         1.30603838
75 107        0.991920859
75 132        0.792347314
75 134        0.540338262
76 130         1.52153447
76 108         1.30015009
76 133        0.859808578
76 125        0.881059806
77 111            1.05667
77 110        0.787257103
77 78        0.771060635
77 89        0.449995523
78 95         1.27098498
78 89         1.12142903
78 85        0.505338332
78 77        0.771060635
79 5216         1.93310912
79 5188          1.8871994
79 119         1.40269425
79 5212         1.76317674
80 96         2.00768761
80 101         1.50509174
80 99         1.87581438
80 84         1.49128672
81 103        0.970804653
81 117        0.948101459
81 93        0.507885724
81 92        0.654654232
82 148         2.47584113
82 142         2.44376097
82 124         2.09264153
82 118          2.3461483
83 213         1.07729516
83 136        0.676620476
83 86        0.497739386
83 120        0.543620716
84 96          1.5942342
84 130         1.52363663
84 127         1.24631265
84 80         1.49128672
85 89         1.52420407
85 111         1.36708625
85 78        0.505338332
85 77         1.10351377
86 120        0.931697668
86 129         0.92197973
86 136        0.340682108
86 83        0.497739386
87 67         1.33307927
87 121         1.02614328
87 56        0.850591076
87 74        0.925015285
88 115         1.47372299
88 92         1.35218776
88 81         1.16814448
88 117         1.34477751
89 95         1.11457952
89 118         1.04970757
89 77        0.449995523
89 110        0.942873247
90 17         1.76267513
90 32         1.67216875
90 131         1.52388969
90 100         1.61175963
91 132         1.92169191
91 107         1.89812857
91 108         1.14101658
91 104         1.74625406
92 93        0.758540194
92 102        0.738130089
92 111        0.513865018
92 81        0.654654232
93 103        0.830058922
93 92        0.758540194
93 81        0.507885724
93 123        0.757270138
94 134          1.8084569
94 95         1.62645887
94 132         1.40484996
94 75         1.41297057
95 94         1.62645887
95 77         1.27394391
95 78         1.27098498
95 89         1.11457952
96 72         1.72498934
96 84          1.5942342
96 97        0.575592578
96 101         1.20444075
97 72          1.5410801
97 60         1.51673364
97 96        0.575592578
97 101         1.41644672
98 133         1.48283358
98 114         1.32177035
98 107         1.03389288
98 134         1.16225925
99 66          1.2668583
99 68        0.721185405
99 58        0.747630594
99 62        0.654453196
100 35         1.80993063
100 32         1.74026448
100 113         1.37668032
100 90         1.61175963
101 99         1.42968714
101 97         1.41644672
101 72         1.05872526
101 96         1.20444075
102 92        0.738130089
102 111        0.717342234
102 110        0.516762588
102 112        0.518535871
103 117        0.832296843
103 93        0.830058922
103 105        0.694147339
103 129        0.427025876
104 87         2.09106418
104 108         1.99098611
104 91         1.74625406
104 121         1.07804065
105 136        0.905645115
105 103        0.694147339
105 129        0.334211486
105 128         0.55865667
106 126         2.09738017
106 76         1.72051778
106 133         1.10897844
106 125         1.55562038
107 132          1.2227448
107 75        0.991920859
107 98         1.03389288
107 134        0.963863882
108 130         1.44963563
108 76         1.30015009
108 127         1.06859623
108 91         1.14101658
109 74         2.26474285
109 90         1.97204447
109 17         1.69449939
109 53         1.92931205
110 92        0.911370828
110 77        0.787257103
110 102        0.516762588
110 111        0.553118035
111 77            1.05667
111 102        0.717342234
111 110        0.553118035
111 92        0.513865018
112 110        0.964993039
112 93        0.933398736
112 102        0.518535871
112 123        0.628653095
113 78         2.35815177
113 100         1.37668032
113 85         1.88736895
113 119         1.03580015
114 107         1.67696981
114 98         1.32177035
114 75         1.30603838
114 134        0.827841346
115 86         1.88810359
115 209         1.79781644
115 117         1.13424392
115 88         1.47372299
116 283         1.22818734
116 136          1.1376957
116 199        0.542510242
116 128         1.07943638
117 129         1.16798584
117 115         1.13424392
117 103        0.832296843
117 81        0.948101459
118 112         1.55419525
118 77         1.45525101
118 89         1.04970757
118 110         1.44959512
119 88         2.09230606
119 100         2.07907416
119 113         1.03580015
119 79         1.40269425
120 136        0.924709475
120 283        0.836371437
120 83        0.543620716
120 213        0.636027184
121 97         1.86692459
121 56         1.85649936
121 87         1.02614328
121 104         1.07804065
122 128         1.40848005
122 112         1.28241705
122 135         1.07177554
122 123         1.20937123
123 105         1.01890082
123 102         1.01417719
123 93        0.757270138
123 112        0.628653095
124 126         2.57087663
124 98         2.32898724
124 114         2.16473073
124 82         2.09264153
125 127          1.4915176
125 133         1.31070108
125 76        0.881059806
125 130         1.14276445
126 98         3.30234927
126 133         3.07063305
126 106         2.09738017
126 124         2.57087663
127 125          1.4915176
127 108         1.06859623
127 84         1.24631265
127 130        0.523623803
128 135          1.1015572
128 116         1.07943638
128 105         0.55865667
128 129           0.891724
129 128           0.891724
129 136        0.765898359
129 105        0.334211486
129 103        0.427025876
130 76         1.52153447
130 108         1.44963563
130 125         1.14276445
130 127        0.523623803
131 75         2.44270265
131 132          1.7552051
131 94         1.83616651
131 90         1.52388969
132 94         1.40484996
132 134         1.30659974
132 75        0.792347314
132 107          1.2227448
133 98         1.48283358
133 125         1.31070108
133 76        0.859808578
133 106         1.10897844
134 98         1.16225925
134 107        0.963863882
134 114        0.827841346
134 75        0.540338262
135 116         1.58261286
135 199         1.25203546
135 128          1.1015572
135 122         1.07177554
136 105        0.905645115
136 129        0.765898359
136 86        0.340682108
136 83        0.676620476
137 147         1.65589055
137 144         1.54249009
137 138        0.728050234
137 145         1.29700373
138 139         2.03795766
138 145        0.946945127
138 137        0.728050234
138 144        0.939217082
139 147         1.05779861
139 146         1.00286551
139 140        0.700768041
139 141        0.863143384
140 147         1.56695662
140 146         1.09257905
140 141        0.678173876
140 139        0.700768041
141 145         1.47303291
141 150         1.44225886
141 140        0.678173876
141 139        0.863143384
142 141         1.58361537
142 144         1.54702586
142 148         1.05900518
142 150         1.32453401
143 135         1.83499367
143 141         1.81507811
143 149        0.578539503
143 150        0.814248921
144 142         1.54702586
144 137         1.54249009
144 138        0.939217082
144 145        0.556645947
145 139         1.41343405
145 137         1.29700373
145 144        0.556645947
145 138        0.946945127
146 140         1.09257905
146 139         1.00286551
146 147        0.826792691
146 151        0.833393758
147 140         1.56695662
147 139         1.05779861
147 146        0.826792691
147 151        0.760019016
148 122          1.7413426
148 149         1.30988159
148 150         1.20580955
148 142         1.05900518
149 142         1.66536984
149 148         1.30988159
149 150        0.394924295
149 143        0.578539503
150 142         1.32453401
150 148         1.20580955
150 149        0.394924295
150 143        0.814248921
151 140         1.90556047
151 139         1.62601706
151 147        0.760019016
151 146        0.833393758
152 226        0.567670381
152 154        0.561661361
152 169        0.339944819
152 205        0.414577952
153 663         0.36355238
153 173        0.352499693
153 435        0.298069931
153 638         0.18478406
154 169        0.581198464
154 152        0.561661361
154 191        0.462227464
154 180        0.515214788
155 179        0.863129139
155 303          0.8193079
155 308        0.760580605
155 301        0.799787449
156 252        0.780043989
156 168        0.742071694
156 184        0.490214156
156 240        0.624098412
157 158         1.45015174
157 195         1.24328439
157 232         0.77030669
157 225        0.831490632
158 297         1.62462576
158 157         1.45015174
158 225         1.43445443
158 302         1.00245148
159 287         2.51755372
159 286          2.5138366
159 230         2.33683343
159 270         1.79670635
160 194        0.756685111
160 179        0.728445621
160 277        0.669152045
160 258        0.692626765
161 257        0.192922551
161 170        0.120568872
161 220       0.0899438789
161 172        0.108096894
162 231         1.14712976
162 293         1.09335324
162 279        0.503079379
162 237        0.739166125
163 500        0.538576458
163 285        0.434189876
163 175        0.273916293
163 292        0.428846438
164 186        0.526652096
164 191        0.426944603
164 215        0.321418217
164 269        0.350258965
165 83         1.27526506
165 171         1.12876329
165 213         1.06424152
165 254        0.989040967
166 246        0.797389001
166 223        0.743855442
166 233        0.294895062
166 183        0.678899299
167 224        0.767559869
167 288        0.736640834
167 223        0.599881209
167 178        0.687131596
168 252        0.753503779
168 156        0.742071694
168 241        0.568951928
168 251        0.728131389
169 152        0.339944819
169 220        0.330272545
169 161        0.299867007
169 170        0.311293892
170 257        0.214470356
170 220        0.210244643
170 161        0.120568872
170 172        0.209156703
171 165         1.12876329
171 254         1.07228627
171 264        0.438325115
171 244        0.854651246
172 259        0.148533739
172 257        0.147434898
172 161        0.108096894
172 220       0.0728232245
173 638        0.402424807
173 275        0.398675611
173 359         0.35169096
173 153        0.352499693
174 242        0.258353401
174 229        0.247713353
174 235        0.195806387
174 262        0.219731247
175 250        0.427419353
175 185        0.358373497
175 163        0.273916293
175 285        0.241495941
176 290         1.15918416
176 247         1.11603525
176 221        0.526385135
176 293        0.728513251
177 275          0.3914377
177 324        0.333462857
177 268        0.308699124
177 238        0.201443494
178 212        0.885673558
178 167        0.687131596
178 288        0.466195452
178 202        0.468888621
179 155        0.863129139
179 194        0.789869689
179 222        0.680011219
179 160        0.728445621
180 220        0.330684284
180 191        0.274729866
180 259        0.271798662
180 206        0.236800959
181 292        0.460029287
181 559        0.448372499
181 547        0.333067163
181 482        0.347385485
182 258        0.521989498
182 280        0.446659929
182 256        0.276526443
182 245        0.318681091
183 205        0.427535643
183 214         0.39132369
183 223        0.327020638
183 233        0.389617334
184 278         0.66190502
184 193        0.500693475
184 240         0.48737679
184 156        0.490214156
185 229        0.273017574
185 285        0.220129131
185 242        0.153041463
185 249        0.190892568
186 227         0.48320679
186 208        0.284359538
186 215        0.283333401
186 201        0.201668409
187 259        0.270051392
187 282        0.267498872
187 271        0.144572281
187 206        0.201264964
188 301        0.995939145
188 155        0.928383496
188 258        0.756564071
188 160        0.808682196
189 257         0.29239801
189 267        0.234711079
189 291        0.147502924
189 266        0.214993012
190 406        0.627475738
190 334        0.579002933
190 375        0.404321032
190 351        0.432825732
191 164        0.426944603
191 206        0.422275997
191 269        0.203069701
191 180        0.274729866
192 251         1.09432628
192 263         1.09198546
192 236        0.960833645
192 261        0.923518059
193 243        0.687716675
193 278        0.612370855
193 184        0.500693475
193 198        0.411290937
194 226         0.71592687
194 233        0.700717536
194 277        0.342073884
194 214        0.590005888
195 283         1.34903812
195 157         1.24328439
195 264        0.919065203
195 225         1.08316296
196 216        0.237538167
196 267        0.220912763
196 219        0.182561824
196 273        0.162831814
197 450        0.824121027
197 253        0.651837489
197 289        0.552767968
197 542        0.643253408
198 268        0.659428808
198 243        0.526125472
198 193        0.411290937
198 272         0.51139575
199 234         1.55896482
199 135         1.25203546
199 116        0.542510242
199 128         1.19291154
200 325        0.602169747
200 403        0.588003246
200 252        0.380746883
200 241        0.579177391
201 208        0.481162397
201 215        0.471687853
201 186        0.201668409
201 227        0.285065974
202 288         0.83308014
202 253         0.73321768
202 178        0.468888621
202 212        0.597680503
203 304         1.14680101
203 179        0.927088161
203 222        0.641404031
203 310        0.528900279
204 242        0.294353116
204 262        0.233712435
204 229        0.174215014
204 271        0.190865815
205 223        0.613782902
205 183        0.427535643
205 214        0.392265579
205 152        0.414577952
206 271        0.313078439
206 180        0.236800959
206 259        0.229306103
206 187        0.201264964
207 281        0.821523014
207 164         0.60684864
207 284        0.385425391
207 239        0.509428596
208 269        0.379182475
208 276        0.335106709
208 186        0.284359538
208 215        0.211649179
209 254         2.07629169
209 115         1.79781644
209 286        0.890094495
209 211         1.76849054
210 212        0.860581511
210 231          0.7321523
210 217        0.535619082
210 228        0.652785292
211 79         2.15202339
211 230         1.79965956
211 5188         1.40958062
211 209         1.76849054
212 253        0.725763555
212 173        0.618181246
212 228        0.385736329
212 202        0.597680503
213 83         1.07729516
213 165         1.06424152
213 283        0.711956377
213 120        0.636027184
214 226         0.53330127
214 277        0.479178835
214 205        0.392265579
214 183         0.39132369
215 164        0.321418217
215 186        0.283333401
215 208        0.211649179
215 269        0.280498157
216 282        0.287972853
216 196        0.237538167
216 219       0.0801371187
216 218        0.138765493
217 184         0.79736609
217 193         0.71619616
217 240        0.704250376
217 210        0.535619082
218 219        0.215802256
218 265         0.19763808
218 216        0.138765493
218 255        0.191521168
219 218        0.215802256
219 282        0.213994726
219 216       0.0801371187
219 196        0.182561824
220 170        0.210244643
220 259        0.193235979
220 161       0.0899438789
220 172       0.0728232245
221 247         1.17079656
221 248         1.13926288
221 290        0.744464727
221 176        0.526385135
222 194         1.11609175
222 246        0.969201023
222 179        0.680011219
222 203        0.641404031
223 167        0.599881209
223 233        0.527989296
223 183        0.327020638
223 224        0.406650164
224 205        0.623801871
224 183        0.615481974
224 223        0.406650164
224 281        0.404899992
225 158         1.43445443
225 248         1.25453991
225 195         1.08316296
225 157        0.831490632
226 152        0.567670381
226 214         0.53330127
226 277        0.379147577
226 245        0.332388172
227 215        0.732546182
227 181        0.610115432
227 201        0.285065974
227 186         0.48320679
228 275        0.708889806
228 210        0.652785292
228 212        0.385736329
228 173        0.472943654
229 265        0.250203701
229 174        0.247713353
229 204        0.174215014
229 242        0.122889375
230 5227         1.98141314
230 5264         1.86787089
230 5261         1.70177616
230 211         1.79965956
231 212         1.09460241
231 237         0.89439911
231 210          0.7321523
231 288        0.788294431
232 195         1.76740589
232 225         1.60179725
232 157         0.77030669
232 234         1.53489168
233 214        0.599659271
233 223        0.527989296
233 166        0.294895062
233 183        0.389617334
234 135         2.20331098
234 116         2.00073718
234 199         1.55896482
234 232         1.53489168
235 242        0.388573125
235 185        0.353334803
235 174        0.195806387
235 260         0.26673077
236 192        0.960833645
236 270        0.870508224
236 287        0.701465032
236 168        0.797251964
237 167         1.08511592
237 231         0.89439911
237 162        0.739166125
237 288        0.828681296
238 431        0.433228859
238 324        0.371970575
238 177        0.201443494
238 316        0.355923072
239 164        0.980055884
239 289        0.616195726
239 284        0.873713216
239 207        0.509428596
240 193        0.868603586
240 217        0.704250376
240 184         0.48737679
240 156        0.624098412
241 200        0.579177391
241 168        0.568951928
241 251        0.340601735
241 252        0.457482112
242 249        0.226793494
242 265        0.225754514
242 185        0.153041463
242 229        0.122889375
243 323         0.54694903
243 198        0.526125472
243 390        0.514541466
243 272        0.439554767
244 264         1.27201134
244 171        0.854651246
244 254          0.7921928
244 290        0.757931414
245 258        0.583997833
245 256        0.564878489
245 226        0.332388172
245 182        0.318681091
246 237         1.16465523
246 233         1.09156617
246 166        0.797389001
246 222        0.969201023
247 221         1.17079656
247 176         1.11603525
247 248         1.11428106
247 293         1.11040663
248 290         1.47075204
248 225         1.25453991
248 247         1.11428106
248 221         1.13926288
249 265        0.205277602
249 185        0.190892568
249 250        0.153554887
249 274        0.190236343
250 185         0.30955137
250 274        0.208522168
250 249        0.153554887
250 285         0.19176159
251 168        0.728131389
251 190        0.694694394
251 241        0.340601735
251 261        0.576304306
252 278        0.598010402
252 294        0.496326849
252 241        0.457482112
252 200        0.380746883
253 197        0.651837489
253 638        0.623282251
253 153        0.441809049
253 173        0.617126763
254 286         1.19124381
254 171         1.07228627
254 244          0.7921928
254 165        0.989040967
255 216        0.313903523
255 265        0.233495182
255 274        0.169532396
255 218        0.191521168
256 170         0.46400333
256 189        0.340383707
256 182        0.276526443
256 280        0.309859347
257 259        0.209496347
257 161        0.192922551
257 266         0.12168558
257 172        0.147434898
258 160        0.692626765
258 280        0.682752628
258 182        0.521989498
258 245        0.583997833
259 206        0.229306103
259 257        0.209496347
259 172        0.148533739
259 220        0.193235979
260 292        0.488748669
260 175        0.487635376
260 235         0.26673077
260 174        0.462319994
261 344        0.897274751
261 320        0.865360608
261 251        0.576304306
261 263        0.788322177
262 229         0.25359656
262 204        0.233712435
262 276         0.19943154
262 174        0.219731247
263 5316         1.00474206
263 261        0.788322177
263 5298        0.986328795
263 344         0.76403399
264 244         1.27201134
264 213         1.13644745
264 195        0.919065203
264 171        0.438325115
265 242        0.225754514
265 249        0.205277602
265 274         0.17971032
265 218         0.19763808
266 172        0.263279609
266 189        0.214993012
266 257         0.12168558
266 291        0.209906484
267 189        0.234711079
267 196        0.220912763
267 273        0.139104628
267 291        0.113619508
268 238        0.450131561
268 359        0.381576656
268 275        0.212972049
268 177        0.308699124
269 276        0.368061023
269 164        0.350258965
269 215        0.280498157
269 191        0.203069701
270 168         1.63794974
270 192         1.60141722
270 236        0.870508224
270 287        0.955278765
271 262        0.281285884
271 282        0.226957792
271 187        0.144572281
271 204        0.190865815
272 198         0.51139575
272 449        0.463537209
272 243        0.439554767
272 238        0.459944567
273 282        0.176169618
273 291        0.174425126
273 267        0.139104628
273 196        0.162831814
274 250        0.208522168
274 249        0.190236343
274 265         0.17971032
274 255        0.169532396
275 173        0.398675611
275 177          0.3914377
275 359        0.197231013
275 268        0.212972049
276 174        0.350420234
276 208        0.335106709
276 262         0.19943154
276 206        0.323715023
277 160        0.669152045
277 214        0.479178835
277 194        0.342073884
277 226        0.379147577
278 243        0.632519419
278 193        0.612370855
278 252        0.598010402
278 294        0.102537751
279 176          1.2653555
279 237         1.24110517
279 162        0.503079379
279 293         1.05362356
280 267        0.633103654
280 189        0.541567081
280 182        0.446659929
280 256        0.309859347
281 207        0.821523014
281 223        0.801242576
281 284        0.542094937
281 224        0.404899992
282 196        0.260446595
282 271        0.226957792
282 219        0.213994726
282 273        0.176169618
283 195         1.34903812
283 116         1.22818734
283 213        0.711956377
283 120        0.836371437
284 164        0.675987209
284 154        0.617671054
284 207        0.385425391
284 281        0.542094937
285 175        0.241495941
285 185        0.220129131
285 250         0.19176159
285 249        0.210280321
286 244         1.94859606
286 165         1.46306629
286 209        0.890094495
286 254         1.19124381
287 168         1.00836966
287 156        0.962389684
287 236        0.701465032
287 270        0.955278765
288 237        0.828681296
288 231        0.788294431
288 178        0.466195452
288 167        0.736640834
289 450        0.989303444
289 239        0.616195726
289 197        0.552767968
289 542        0.516974309
290 171         1.24879538
290 176         1.15918416
290 244        0.757931414
290 221        0.744464727
291 266        0.209906484
291 273        0.174425126
291 189        0.147502924
291 267        0.113619508
292 181        0.460029287
292 175        0.455419332
292 482        0.360916718
292 163        0.428846438
293 247         1.11040663
293 162         1.09335324
293 176        0.728513251
293 279         1.05362356
294 184        0.668190467
294 200        0.633321001
294 252        0.496326849
294 278        0.102537751
295 298          1.1665128
295 300         1.09608983
295 297        0.553034792
295 307        0.993862457
296 298         1.05923331
296 299        0.740270541
296 307        0.709544164
296 309         0.62000351
297 300         1.12224433
297 306         1.02359813
297 295        0.553034792
297 302        0.784491344
298 295          1.1665128
298 296         1.05923331
298 305        0.826367655
298 307        0.815527505
299 296        0.740270541
299 309        0.566490592
299 303        0.522588548
299 301        0.525605628
300 303        0.824214045
300 307        0.681466644
300 306        0.449957038
300 309        0.548368327
301 309        0.831973121
301 155        0.799787449
301 299        0.525605628
301 303       0.0542760218
302 306         1.70962956
302 295         1.17383011
302 297        0.784491344
302 158         1.00245148
303 308        0.801343577
303 309        0.792217958
303 299        0.522588548
303 301       0.0542760218
304 203         1.14680101
304 310          0.9323338
304 308        0.599516036
304 306        0.713974109
305 296         1.87231095
305 307         1.59209427
305 298        0.826367655
305 295         1.48456352
306 303        0.973301965
306 304        0.713974109
306 300        0.449957038
306 308         0.54574185
307 298        0.815527505
307 296        0.709544164
307 300        0.681466644
307 309        0.441113308
308 303        0.801343577
308 155        0.760580605
308 304        0.599516036
308 306         0.54574185
309 296         0.62000351
309 300        0.548368327
309 299        0.566490592
309 307        0.441113308
310 247         1.28256849
310 222         1.13498062
310 304          0.9323338
310 203        0.528900279
311 344         0.54413871
311 382         0.49647819
311 356        0.219090903
311 357        0.320781256
312 392        0.310475544
312 445        0.231767734
312 430        0.237450391
312 389        0.171038933
313 358        0.492077368
313 337        0.414508898
313 353        0.230036219
313 368        0.320616297
314 355        0.483916364
314 420        0.470720968
314 413        0.182883304
314 408         0.44113898
315 341        0.483058611
315 439        0.405365284
315 361        0.223090456
315 442         0.28196971
316 431        0.357128815
316 238        0.355923072
316 419        0.233514002
316 317        0.341139936
317 381        0.243636275
317 392        0.168694979
317 419         0.22458926
317 430        0.166683703
318 444        0.409383013
318 429        0.405008533
318 443        0.276773116
318 378        0.321208642
319 425        0.371356061
319 342        0.276545797
319 390        0.164421031
319 323        0.188947859
320 311        0.574972544
320 344        0.574722929
320 365        0.499216678
320 357        0.549684111
321 5509        0.648415699
321 5540        0.631096219
321 424        0.474447541
321 5488        0.411113457
322 319        0.388143572
322 390        0.383544033
322 342        0.356595648
322 393        0.381629434
323 342        0.295629923
323 409        0.289683989
323 319        0.188947859
323 449        0.256497618
324 329        0.340044227
324 177        0.333462857
324 327        0.243451169
324 338        0.329642401
325 375        0.431555502
325 331        0.371078979
325 334        0.261758716
325 403        0.178105398
326 5375        0.563543269
326 396        0.497261563
326 349        0.544888222
326 5466        0.491866814
327 329        0.219573741
327 343        0.181232297
327 423        0.168869644
327 415        0.147761238
328 396        0.306321986
328 440        0.289785137
328 379        0.179531657
328 349        0.221145013
329 327        0.219573741
329 433        0.199668899
329 438       0.0814753622
329 415        0.174034542
330 342        0.535080126
330 354        0.421101687
330 448         0.30147018
330 362        0.327884041
331 393        0.412487158
331 325        0.371078979
331 334        0.304062197
331 348        0.225777099
332 399        0.601579229
332 499        0.509582534
332 362        0.308224587
332 366        0.388764843
333 386        0.464778487
333 401        0.353802206
333 385        0.266372478
333 388        0.305225061
334 406        0.399714735
334 331        0.304062197
334 325        0.261758716
334 375        0.211487401
335 345        0.438534277
335 446        0.387409828
335 426        0.190841321
335 404        0.264670225
336 373        0.348780057
336 447        0.241240069
336 416        0.173004952
336 348         0.23117901
337 398        0.435622347
337 313        0.414508898
337 369        0.245326635
337 360        0.332580293
338 327        0.263875997
338 423        0.219743605
338 343        0.127723513
338 435        0.216415408
339 384         0.26029998
339 392        0.247435316
339 431         0.15158265
339 381        0.116444485
340 366        0.685611959
340 606        0.624538176
340 473        0.462940288
340 418        0.582307578
341 315        0.483058611
341 368        0.423874466
341 361        0.339855703
341 439        0.409682217
342 322        0.356595648
342 409        0.335110142
342 319        0.276545797
342 323        0.295629923
343 415         0.26478243
343 327        0.181232297
343 338        0.127723513
343 423        0.092130259
344 320        0.574722929
344 356        0.574473783
344 311         0.54413871
344 382        0.414634132
345 370        0.550444409
345 418        0.502129524
345 335        0.438534277
345 426        0.474304215
346 394        0.443384035
346 417        0.404966254
346 401        0.374278548
346 388        0.209660973
347 437         0.44028766
347 436        0.417250256
347 428        0.298896943
347 391        0.323716994
348 399        0.419368053
348 416        0.392199537
348 336         0.23117901
348 331        0.225777099
349 328        0.221145013
349 5375         0.15414159
349 396        0.087968581
349 379        0.111959276
350 326        0.697823865
350 355        0.681650697
350 441        0.310241111
350 391        0.506834711
351 190        0.432825732
351 373        0.410663584
351 406        0.252169898
351 375         0.30100668
352 360        0.471272136
352 394        0.349712031
352 398        0.437634515
352 427        0.334367145
353 360         0.41429898
353 358        0.407251485
353 313        0.230036219
353 427        0.299692209
354 317        0.357794255
354 430        0.291291602
354 389        0.206060328
354 448        0.276581485
355 411        0.420455289
355 420        0.364603446
355 397        0.268166708
355 413        0.303483829
356 346        0.496787497
356 388         0.41993518
356 311        0.219090903
356 382        0.357318024
357 356        0.512282179
357 386        0.410309802
357 311        0.320781256
357 365        0.401473685
358 341        0.539102818
358 313        0.492077368
358 353        0.407251485
358 427        0.467292923
359 173         0.35169096
359 638        0.258454125
359 275        0.197231013
359 435        0.225958616
360 417        0.386974245
360 337        0.332580293
360 398        0.135401587
360 394        0.278449326
361 442        0.480031087
361 439        0.472878615
361 315        0.223090456
361 341        0.339855703
362 393        0.583605961
362 399        0.531797918
362 332        0.308224587
362 330        0.327884041
363 358         0.88418137
363 361         0.87029178
363 424        0.495577498
363 5266        0.866457883
364 367        0.349318619
364 446        0.315889325
364 407        0.321896677
364 421        0.188529016
365 373        0.494871689
365 351        0.462880367
365 407        0.247951757
365 357        0.401473685
366 362        0.673859086
366 372        0.595086237
366 370         0.51310603
366 332        0.388764843
367 364        0.349318619
367 407         0.33775944
367 446        0.270053234
367 416        0.277232239
368 405         0.47811753
368 439        0.464280712
368 341        0.423874466
368 313        0.320616297
369 313        0.540765729
369 437        0.396708668
369 337        0.245326635
369 428        0.395276502
370 366         0.51310603
370 335        0.488981213
370 372        0.444308587
370 426        0.310223721
371 433        0.261171116
371 329        0.232006486
371 438        0.195705338
371 384         0.22061982
372 399        0.447317403
372 370        0.444308587
372 336        0.410606792
372 447        0.182382851
373 407        0.385513013
373 336        0.348780057
373 406        0.179843058
373 416        0.290998235
374 442        0.407662498
374 5469        0.407396715
374 434        0.328314137
374 400        0.402371043
375 190        0.404321032
375 406        0.307688317
375 334        0.211487401
375 351         0.30100668
376 410        0.874496681
376 427        0.867242575
376 5243        0.782856022
376 358        0.863974964
377 318        0.628370062
377 412        0.437777058
377 429        0.263677076
377 395         0.21082622
378 443         0.39428468
378 318        0.321208642
378 444        0.287485811
